Aqa
2017-04-22 19:06:34.657398
http://aqa-demo-scratchpad.s3-website-us-west-2.amazonaws.com/googlecharter.html?data=[101,51,5,4,4,4,5,4,4,5,124,134,3,3,3,3,3,3,3,4,88,975,8,4,4,5,5,5,5,5,106,230,75,212,229,222,167,230,75,116,20,23,1,1,1,1,1,1,1,1,169,30,26,23,20,16,10,14,7,164,47,182,8,8,7,7,7,7,8,8,32,341,6,3,3,3,3,4,3,3,49,55,50,47,46,29,21,21,21,21]


Aqa
2017-04-22 19:36:48.906129
http://aqa-demo-scratchpad.s3-website-us-west-2.amazonaws.com/googlecharter.html?data=[15,4,4,4,4,4,4,4,4,4,4,3,3,3,3,3,5,3,3,3,33,10,7,7,7,8,7,8,7,8,72,84,69,87,160,205,152,68,69,69,2,1,1,1,1,1,1,1,1,1,15,3,2,13,2,5,4,2,2,8,85,9,8,9,9,8,9,8,8,8,13,4,3,3,3,3,3,3,3,3,45,23,22,23,22,21,20,21,22,20]


Aqa
2017-04-22 20:08:15.216982
http://aqa-demo-scratchpad.s3-website-us-west-2.amazonaws.com/googlecharter.html?data=[12,4,4,4,4,4,4,4,4,4,4,3,3,3,3,3,3,3,3,3,26,8,8,7,7,8,7,8,7,8,83,74,222,72,112,65,226,65,65,65,2,1,1,1,1,1,1,1,1,1,4,8,3,2,3,3,2,3,3,104,82,9,8,8,8,9,7,8,8,8,13,4,3,3,3,3,2,3,3,3,35,26,25,23,24,22,21,23,23,20]


Aqa
2017-04-22 21:16:40.493935
http://aqa-demo-scratchpad.s3-website-us-west-2.amazonaws.com/googlecharter.html?data=[91,64,4,4,4,4,4,5,4,4,104,70,3,3,3,3,5,3,3,4,86,838,5,5,5,5,6,8,6,6,86,175,166,112,107,218,163,85,160,72,28,30,1,1,1,1,3,1,1,1,5,104,3,15,3,3,3,3,3,3,34,447,7,7,7,8,7,7,7,7,29,147,3,3,3,5,3,3,3,3,55,27,33,23,44,40,36,21,21,21]


Aqa
2017-04-22 21:51:00.541786
http://aqa-demo-scratchpad.s3-website-us-west-2.amazonaws.com/googlecharter.html?data=[15,5,5,4,4,4,5,4,4,4,6,3,3,5,3,3,7,3,3,3,31,8,7,7,8,7,8,7,7,7,95,99,100,77,219,163,102,161,71,111,2,1,1,1,1,1,1,1,1,1,15,2,3,2,2,5,56,15,24,21,70,9,8,8,8,9,8,9,8,7,13,3,3,3,3,3,2,3,3,2,34,32,26,24,23,24,22,27,22,22]


Aqa
2017-04-22 22:22:32.677831
http://aqa-demo-scratchpad.s3-website-us-west-2.amazonaws.com/googlecharter.html?data=[13,5,5,4,4,4,4,4,4,4,5,4,4,3,3,3,3,3,3,3,25,8,7,8,7,7,7,8,7,7,233,67,70,100,164,67,80,68,67,68,2,1,1,1,1,1,1,1,1,1,6,2,6,2,111,3,8,53,2,2,98,9,8,9,9,9,8,8,8,9,13,4,3,3,3,3,3,2,3,3,37,23,22,22,20,22,21,21,22,21]


Aqa
2017-04-23 17:28:20.840268
http://aqa-demo-scratchpad.s3-website-us-west-2.amazonaws.com/googlecharter.html?data=[96,62,4,4,4,4,4,4,4,4,110,76,3,3,3,3,3,3,4,3,86,784,5,5,5,5,7,6,5,5,82,74,207,110,72,154,166,72,81,163,21,24,1,1,1,2,1,1,1,2,8,4,104,3,5,3,2,55,2,14,41,443,11,24,14,17,16,11,16,13,31,189,3,13,3,3,3,3,3,3,51,37,23,24,25,22,22,22,21,22]


Aqa
2017-04-23 18:03:39.079049
http://aqa-demo-scratchpad.s3-website-us-west-2.amazonaws.com/googlecharter.html?data=[13,4,4,4,4,4,4,4,4,4,5,3,3,3,3,3,3,3,3,3,27,7,7,7,8,7,7,8,7,7,70,156,222,67,73,68,104,210,82,68,2,1,1,1,1,1,1,1,1,1,15,7,27,7,8,8,54,164,4,4,67,9,9,9,8,8,8,8,9,8,14,3,3,3,3,3,3,3,3,3,48,29,26,22,21,23,20,21,22,22]


Aqa
2017-04-23 18:42:39.600272
http://aqa-demo-scratchpad.s3-website-us-west-2.amazonaws.com/googlecharter.html?data=[14,4,4,4,4,4,4,4,4,4,5,3,3,5,3,3,3,3,3,3,28,11,7,8,8,7,7,7,8,7,76,91,68,213,68,227,68,214,101,219,2,1,1,1,1,1,1,1,1,1,8,2,2,2,107,3,171,3,2,2,67,8,8,8,8,7,9,8,8,7,14,4,3,3,3,3,3,3,3,3,41,23,22,22,21,22,21,21,22,24]


Aqa
2017-04-23 20:04:00.159292
http://aqa-demo-scratchpad.s3-website-us-west-2.amazonaws.com/googlecharter.html?data=[76,58,4,4,4,4,4,4,5,4,92,69,3,3,3,3,4,3,4,3,101,824,10,4,4,6,6,5,6,4,231,211,228,216,228,224,167,228,226,168,15,37,2,1,2,1,1,1,1,1,35,33,24,22,14,13,11,11,8,8,42,466,23,16,11,17,8,7,7,8,38,132,5,3,4,3,3,4,3,3,49,28,26,24,22,22,24,22,24,22]


Aqa
2017-04-23 20:41:12.192641
http://aqa-demo-scratchpad.s3-website-us-west-2.amazonaws.com/googlecharter.html?data=[15,4,4,4,4,4,4,4,4,4,5,3,3,3,3,3,3,3,5,3,30,7,8,7,7,7,7,8,7,7,161,67,80,216,90,68,86,224,66,214,2,1,1,1,1,1,1,1,1,1,5,3,2,5,3,3,3,3,2,55,90,9,9,9,10,8,8,8,9,9,12,3,3,3,3,3,3,3,2,3,44,24,24,22,21,22,177,20,21,21]


Aqa
2017-04-23 21:17:59.498757
http://aqa-demo-scratchpad.s3-website-us-west-2.amazonaws.com/googlecharter.html?data=[14,4,5,4,4,4,4,4,4,4,4,4,3,4,3,3,3,3,4,4,26,8,8,7,8,7,8,7,7,7,217,110,66,149,208,222,66,75,108,165,2,1,1,1,1,1,1,1,1,1,4,3,14,55,27,2,3,3,2,3,78,10,9,8,8,8,8,8,8,9,13,3,2,2,3,3,3,2,3,3,36,29,28,23,22,22,22,22,21,21]


